1,0.38,0.48,18,41,POINT (119.7281832 30.15493111),粘土心墙坝
2,0.39,0.48,18.8,41,POINT (119.7388073 30.15880603),粘土心墙坝
3,0.38,0.48,18,41,POINT (119.6672062 30.16868314),土坝
4,0.39,0.49,18.7,41,POINT (119.8230961 30.30508436),粘土心墙坝
5,0.38,0.49,18.7,41,POINT (119.82049430000001 30.29817454),粘土心墙坝
6,0.39,0.49,18.7,41,POINT (119.8201322 30.29399338),粘土心墙坝
7,0.38,0.49,18.7,41,POINT (119.8234638 30.2795753),粘土心墙坝
8,0.39,0.49,18.7,41,POINT (119.805855 30.29266521),均质土坝
9,0.38,0.49,18.7,41,POINT (119.80048 30.28793329),粘土心墙坝
10,0.39,0.49,18.7,41,POINT (119.7971327 30.29561514),粘土心墙坝
11,0.38,0.49,18.7,41,POINT (119.8129923 30.2903203),粘土心墙坝
12,0.39,0.49,18.7,41,POINT (119.8207947 30.30195109),粘土心墙坝
13,0.38,0.48,19,43,POINT (119.6422896 30.31500867),粘土心墙坝
14,0.39,0.48,19,42.5,POINT (119.6498291 30.30666674),粘土心墙坝
15,0.38,0.48,19.2,43,POINT (119.6707962 30.32049531),粘土心墙坝
16,0.39,0.48,19.2,43,POINT (119.6511645 30.32163279),砌石坝
17,0.38,0.48,19.4,44,POINT (119.668599 30.35510553),粘土心墙坝
18,0.39,0.49,19.2,43,POINT (119.7320362 30.34079634),粘土心墙坝
19,0.38,0.49,19.2,43,POINT (119.7379303 30.34381927),粘土心墙坝
20,0.39,0.49,19.2,43,POINT (119.7448409 30.33729686),粘土心墙坝
21,0.38,0.49,19.2,43,POINT (119.7612774 30.33809472),粘土心墙坝
22,0.39,0.49,19.2,43,POINT (119.7354342 30.33842063),粘土心墙坝
23,0.38,0.49,19.2,43,POINT (119.7474144 30.34019437),粘土心墙坝
24,0.39,0.49,19.2,43,POINT (119.7290681 30.33548335),粘土心墙坝
25,0.38,0.49,19.2,42.5,POINT (119.730215 30.32801747),粘土心墙坝
26,0.39,0.48,19,42,POINT (119.7188136 30.30350002),粘土心墙坝
27,0.38,0.48,18,41,POINT (119.6406286 30.19656636),土坝
28,0.39,0.48,18,41,POINT (119.6518702 30.18125685),土坝
29,0.38,0.48,18,41,POINT (119.6491428 30.19622412),土坝
30,0.39,0.48,18.8,42,POINT (119.770393 30.1374771),粘土心墙坝
31,0.38,0.48,18.8,42,POINT (119.7735258 30.14545936),粘土心墙坝
32,0.39,0.49,18.8,42,POINT (119.7841857 30.1354773),粘土心墙坝
33,0.38,0.49,18.8,42,POINT (119.7948118 30.15567321),粘土心墙坝
34,0.39,0.49,18.8,42,POINT (119.7812505 30.15880603),粘土心墙坝
35,0.38,0.49,18.8,42,POINT (119.7909862 30.14047881),粘土心墙坝
36,0.39,0.49,18.8,42,POINT (119.7912927 30.14202613),粘土心墙坝
37,0.38,0.49,18.8,42,POINT (119.79557 30.14919146),粘土心墙坝
38,0.39,0.49,18.8,42.5,POINT (119.816999 30.14060992),粘土心墙坝
39,0.38,0.48,17.8,41,POINT (119.7050186 30.13511523),粘土心墙坝
40,0.39,0.48,17.8,41,POINT (119.7025961 30.09959491),粘土心墙坝
41,0.38,0.49,18.8,42,POINT (119.7810909 30.17429941),粘土心墙坝
42,0.39,0.48,18.8,41,POINT (119.7497822 30.1816499),粘土心墙坝
43,0.38,0.48,18.8,41,POINT (119.7372975 30.16551861),粘土心墙坝
44,0.39,0.48,18.8,42,POINT (119.767861 30.16369838),粘土心墙坝
45,0.38,0.49,18.8,42,POINT (119.7738977 30.16562803),粘土心墙坝
46,0.39,0.49,18.8,42,POINT (119.8219132 30.18281788),粘土心墙坝
47,0.38,0.49,18.8,42,POINT (119.8228444 30.19974649),粘土心墙坝
48,0.39,0.47,18,41,POINT (119.5675585 30.2345588),土坝
49,0.38,0.47,18,41,POINT (119.5706113 30.2296244),土坝
50,0.39,0.47,17.8,41,POINT (119.5577748 30.22313025),土坝
51,0.38,0.47,18,41,POINT (119.558308 30.24055676),土坝
52,0.39,0.48,19.2,43,POINT (119.6401333 30.32602754),粘土心墙坝
53,0.38,0.48,19.2,44,POINT (119.6368058 30.34054828),粘土心墙坝
54,0.39,0.48,19.2,43,POINT (119.6904143 30.33318226),粘土心墙坝
55,0.37,0.48,19.2,43,POINT (119.6679059 30.33516933),粘土心墙坝
56,0.37,0.48,19.2,43,POINT (119.6618782 30.33701524),粘土心墙坝
57,0.37,0.48,19.2,43,POINT (119.6707111 30.32044541),粘土心墙坝
58,0.37,0.48,19.2,43,POINT (119.6822188 30.33672711),粘土心墙坝
59,0.38,0.48,19.2,43,POINT (119.6805882 30.33480781),粘土心墙坝
60,0.39,0.48,19.2,43,POINT (119.6661403 30.33952959),粘土心墙坝
61,0.38,0.48,19.2,42.5,POINT (119.7007728 30.31272642),粘土心墙坝
62,0.39,0.48,19.2,42.5,POINT (119.7027278 30.31530335),粘土心墙坝
63,0.38,0.48,19,42.5,POINT (119.7074064 30.30617146),粘土心墙坝
64,0.39,0.48,19.2,43,POINT (119.7120179 30.32714579),粘土心墙坝
65,0.38,0.48,19.2,43,POINT (119.7129102 30.3293773),粘土心墙坝
66,0.39,0.48,19.2,43,POINT (119.7128972 30.32939908),粘土心墙坝
67,0.38,0.48,19.4,43,POINT (119.6893502 30.34647328),粘土心墙坝
68,0.39,0.49,19.4,44,POINT (119.7441837 30.39066508),粘土心墙坝
69,0.38,0.48,19.4,44,POINT (119.7147698 30.36592559),粘土心墙坝
70,0.39,0.49,19.2,43,POINT (119.7600676 30.35717464),粘土心墙坝
71,0.38,0.49,19.2,43,POINT (119.7641875 30.35052276),粘土心墙坝
72,0.39,0.49,19.4,44,POINT (119.753297 30.36702682),粘土心墙坝
73,0.38,0.49,19.4,43,POINT (119.7535707 30.36194487),粘土心墙坝
74,0.39,0.49,19.2,43,POINT (119.7459914 30.34322715),粘土心墙坝
75,0.38,0.49,19.2,43,POINT (119.754789 30.3545568),粘土心墙坝
76,0.39,0.49,19.4,43,POINT (119.7537162 30.35760379),粘土心墙坝
77,0.38,0.49,19.4,43,POINT (119.7530295 30.3601358),粘土心墙坝
78,0.39,0.49,19.2,43,POINT (119.7509022 30.35239722),粘土心墙坝
79,0.38,0.48,18,41,POINT (119.674542 30.18833552),土坝
80,0.39,0.48,18,41,POINT (119.6799364 30.18939822),土坝
81,0.38,0.48,17.8,40,POINT (119.7346818 30.11807478),粘土心墙坝
82,0.39,0.48,18,41,POINT (119.7426983 30.13258322),粘土心墙坝
83,0.38,0.48,18,41,POINT (119.7311111 30.14515742),粘土心墙坝
84,0.39,0.48,18,41,POINT (119.7437712 30.12824877),粘土心墙坝
85,0.38,0.48,18,41,POINT (119.7449299 30.12846335),粘土心墙坝
86,0.39,0.48,19,42,POINT (119.7069223 30.3029217),粘土心墙坝
87,0.38,0.48,19,42,POINT (119.7018823 30.29444665),粘土心墙坝
88,0.39,0.48,19.2,42.5,POINT (119.7010877 30.30999255),粘土心墙坝
89,0.38,0.48,19.2,42.5,POINT (119.694268 30.30969195),粘土心墙坝
90,0.39,0.48,19.2,42.5,POINT (119.6798205 30.30682857),粘土心墙坝
91,0.38,0.48,19.2,42.5,POINT (119.6933976 30.31190328),粘土心墙坝
92,0.39,0.48,19,42,POINT (119.7067456 30.29148661),粘土心墙坝
93,0.38,0.48,19,42,POINT (119.7071678 30.29266301),粘土心墙坝
94,0.39,0.49,19.2,43,POINT (119.7642437 30.35045579),粘土心墙坝
95,0.38,0.49,19.2,43,POINT (119.7886614 30.34589804),粘土心墙坝
96,0.39,0.49,19.4,43,POINT (119.7585882 30.36365839),粘土心墙坝
97,0.38,0.49,19.2,43,POINT (119.7804862 30.3415818),粘土心墙坝
98,0.39,0.49,19.2,43,POINT (119.7737646 30.35692583),粘土心墙坝
99,0.38,0.49,19.2,43,POINT (119.7795437 30.35139867),粘土心墙坝
100,0.39,0.49,19.2,43,POINT (119.7696022 30.35627119),粘土心墙坝
101,0.38,0.49,19.4,44,POINT (119.7651053 30.37014611),粘土心墙坝
102,0.39,0.49,19.2,43,POINT (119.7599081 30.35709894),粘土心墙坝
103,0.38,0.48,19.4,45,POINT (119.6736889 30.39257776),粘土心墙坝
104,0.39,0.48,19.4,44,POINT (119.704082 30.376225),粘土心墙坝
105,0.38,0.49,19.4,44,POINT (119.7221064 30.35996009),粘土心墙坝
106,0.39,0.48,19.4,44,POINT (119.7113343 30.3668597),粘土心墙坝
107,0.38,0.48,19.4,44,POINT (119.6961423 30.38153674),粘土心墙坝
108,0.39,0.48,19,42,POINT (119.6867174 30.29619256),粘土心墙坝
109,0.38,0.48,19.2,43,POINT (119.6822215 30.31997065),粘土心墙坝
110,0.39,0.48,17.8,41,POINT (119.7346837 30.11263994),粘土心墙坝
111,0.38,0.48,17.8,41,POINT (119.7392583 30.10901995),粘土心墙坝
112,0.39,0.48,17.8,41,POINT (119.7203197 30.11913733),粘土心墙坝
113,0.38,0.48,17.8,41,POINT (119.7136446 30.12391432),粘土心墙坝
114,0.39,0.48,17.8,41,POINT (119.7323333 30.11243221),粘土心墙坝
115,0.38,0.48,17.8,41,POINT (119.7348019 30.11241301),粘土心墙坝
116,0.39,0.48,18,41,POINT (119.6419541 30.21380686),土坝
117,0.38,0.47,18,41,POINT (119.6278971 30.21373231),土坝
118,0.39,0.47,18,41,POINT (119.626837 30.21004067),土坝
119,0.38,0.48,18,41,POINT (119.6355895 30.21392505),土坝
120,0.39,0.48,18,41,POINT (119.6552534 30.19705933),土坝
121,0.38,0.48,18,41,POINT (119.6496185 30.209795),土坝
122,0.39,0.48,18,41,POINT (119.6573947 30.20755322),土坝
123,0.38,0.48,18,41,POINT (119.6559333 30.20567622),土坝
124,0.39,0.49,18.5,42,POINT (119.8134091 30.21279409),粘土心墙坝
125,0.38,0.49,18.5,42,POINT (119.8163611 30.22803542),粘土心墙坝
126,0.39,0.49,18.5,42,POINT (119.8130137 30.22756335),粘土心墙坝
127,0.38,0.49,18.5,42,POINT (119.8153281 30.23774992),粘土心墙坝
128,0.39,0.49,18.5,42,POINT (119.823903 30.23895227),粘土心墙坝
129,0.38,0.48,18,42,POINT (119.7745523 30.12022043),粘土心墙坝
130,0.39,0.48,18,42,POINT (119.7814973 30.1166901),粘土心墙坝
131,0.38,0.48,18,42,POINT (119.774799 30.10842188),粘土心墙坝
132,0.39,0.48,17.8,42,POINT (119.7709071 30.08798466),粘土心墙坝
133,0.38,0.48,17.8,42,POINT (119.7596498 30.08996828),粘土心墙坝
134,0.39,0.48,18,42,POINT (119.7685762 30.10850771),粘土心墙坝
135,0.38,0.48,19.2,43,POINT (119.6385244 30.33649302),粘土心墙坝
136,0.39,0.49,19,42,POINT (119.7950691 30.31050858),粘土心墙坝
137,0.38,0.49,19,42,POINT (119.7935644 30.30861532),粘土心墙坝
138,0.39,0.49,19,42,POINT (119.7733637 30.30592412),粘土心墙坝
139,0.38,0.49,18.7,42,POINT (119.7893639 30.29900642),粘土心墙坝
140,0.39,0.49,19,42,POINT (119.7714124 30.30889097),粘土心墙坝
141,0.38,0.49,19,42,POINT (119.7615447 30.30106639),粘土心墙坝
142,0.39,0.48,17.8,41,POINT (119.6405008 30.17139867),土坝
143,0.38,0.47,17.8,41,POINT (119.6358767 30.12525395),土坝
144,0.39,0.49,18.5,42,POINT (119.8548132 30.24648902),粘土心墙坝
145,0.38,0.49,18.5,42,POINT (119.8475176 30.24842021),粘土心墙坝
146,0.39,0.47,17.8,41,POINT (119.6134834 30.17837296),土坝
147,0.38,0.48,18,41,POINT (119.6782475 30.18193496),土坝
148,0.39,0.49,19,42,POINT (119.7681357 30.31280017),粘土心墙坝
149,0.38,0.49,19.2,42.5,POINT (119.7959019 30.342798),粘土心墙坝
150,0.39,0.49,19.2,42.5,POINT (119.8012664 30.34082389),粘土心墙坝
151,0.38,0.47,17.8,41,POINT (119.5842236 30.20370428),土坝
152,0.39,0.47,18,41,POINT (119.5925673 30.22954464),土坝
153,0.38,0.47,17.8,41,POINT (119.5555905 30.2090527),土坝
154,0.39,0.47,17.8,41,POINT (119.568568 30.2118802),土坝
155,0.38,0.49,18.5,42,POINT (119.8421425 30.22949767),粘土心墙坝
156,0.39,0.49,18.5,42,POINT (119.837336 30.23207259),粘土心墙坝
157,0.38,0.49,18.5,42,POINT (119.8415069 30.22923946),粘土心墙坝
158,0.39,0.49,18.8,42,POINT (119.831843 30.20656652),粘土心墙坝
159,0.38,0.49,18.5,42,POINT (119.8414558 30.23537707),粘土心墙坝
160,0.39,0.49,18.5,42,POINT (119.8325805 30.23554801),粘土心墙坝
161,0.38,0.49,18.5,42,POINT (119.8414211 30.22735118),粘土心墙坝
162,0.39,0.49,18.5,42,POINT (119.8388114 30.22936748),粘土心墙坝
163,0.38,0.49,18.5,41,POINT (119.7634237 30.20803344),粘土心墙坝
164,0.39,0.49,18.5,41,POINT (119.7636929 30.21839633),粘土心墙坝
165,0.38,0.48,18.5,41,POINT (119.7540985 30.20070034),粘土心墙坝
166,0.39,0.49,18.8,42,POINT (119.7917085 30.18230525),粘土心墙坝
167,0.38,0.49,18.8,42,POINT (119.7992616 30.18028823),粘土心墙坝
168,0.39,0.49,18.8,42,POINT (119.7971149 30.17356737),粘土心墙坝
169,0.38,0.49,18.8,42,POINT (119.7972008 30.15901907),粘土心墙坝
170,0.39,0.49,18.8,42,POINT (119.7932418 30.17863138),粘土心墙坝
171,0.38,0.49,18.8,42,POINT (119.8054834 30.17554148),粘土心墙坝
172,0.39,0.49,18.8,42,POINT (119.8030907 30.17112294),粘土心墙坝
173,0.38,0.49,18.8,42,POINT (119.802882 30.1627405),粘土心墙坝
174,0.39,0.49,18.8,42,POINT (119.7977166 30.18848506),粘土心墙坝
175,0.38,0.49,18.8,42,POINT (119.8043797 30.19449921),粘土心墙坝
176,0.39,0.49,19.2,42.5,POINT (119.7339844 30.32385924),粘土心墙坝
177,0.38,0.49,19,42,POINT (119.7436952 30.3059011),粘土心墙坝
178,0.39,0.49,19,42,POINT (119.7565405 30.304167670000002),粘土心墙坝
179,0.38,0.49,18.8,42,POINT (119.8043832 30.13083966),粘土心墙坝
180,0.39,0.49,18.8,42,POINT (119.8002161 30.13619857),粘土心墙坝
181,0.38,0.49,18,42,POINT (119.7949487 30.11477416),粘土心墙坝
182,0.39,0.49,18.8,41,POINT (119.7835108 30.13352736),粘土心墙坝
183,0.38,0.49,18.5,42,POINT (119.8089367 30.22558925),粘土心墙坝
184,0.39,0.49,18.5,42,POINT (119.7945878 30.21549575),粘土心墙坝
185,0.38,0.48,19,42,POINT (119.7022204 30.29000902),粘土心墙坝
186,0.39,0.48,19,42,POINT (119.6958338 30.29289169),粘土心墙坝
187,0.37,0.48,19,42,POINT (119.6871564 30.29043915),粘土心墙坝
188,0.37,0.48,19,42,POINT (119.690947 30.29276149),粘土心墙坝
189,0.37,0.49,19.2,43,POINT (119.7411537 30.34447668),粘土心墙坝
190,0.37,0.49,19.4,43,POINT (119.7374681 30.3519454),粘土心墙坝
191,0.38,0.49,19.2,43,POINT (119.7379953 30.34749979),粘土心墙坝
192,0.39,0.49,19.4,43,POINT (119.7407986 30.35992122),粘土心墙坝
193,0.38,0.49,18.7,41,POINT (119.7986928 30.27740515),粘土心墙坝
194,0.39,0.49,18.7,41,POINT (119.8046851 30.27907739),粘土心墙坝
195,0.38,0.49,18.7,41,POINT (119.8040418 30.27142524),粘土心墙坝
196,0.39,0.49,18.5,41,POINT (119.8485794 30.27478658),粘土心墙坝
197,0.38,0.48,18,41,POINT (119.6707235 30.21458495),土坝
198,0.39,0.48,18,41,POINT (119.66858 30.21856481),土坝
199,0.38,0.49,19,42,POINT (119.7666045 30.3145766),土坝
200,0.39,0.49,19,42,POINT (119.7705137 30.31458065),粘土心墙坝
201,0.38,0.49,19,42.5,POINT (119.7668078 30.32140787),粘土心墙坝
202,0.39,0.49,19.2,42.5,POINT (119.7702982 30.33456681),粘土心墙坝
203,0.38,0.49,19.2,42.5,POINT (119.7804713 30.33833075),粘土心墙坝
204,0.39,0.49,19.2,43,POINT (119.7668053 30.33644653),粘土心墙坝
205,0.38,0.49,19,42.5,POINT (119.7722985 30.32116866),粘土心墙坝
206,0.39,0.48,19.2,42.5,POINT (119.6746922 30.30993214),粘土心墙坝
207,0.38,0.48,19.2,43,POINT (119.6777191 30.32199576),粘土心墙坝
208,0.39,0.48,19.2,42.5,POINT (119.6779508 30.31694484),粘土心墙坝
209,0.38,0.48,19.2,43,POINT (119.6897721 30.32430251),粘土心墙坝
210,0.39,0.48,19.2,42.5,POINT (119.6881009 30.31666623),粘土心墙坝
211,0.38,0.48,19.2,43,POINT (119.6989004 30.32651388),粘土心墙坝
212,0.39,0.48,19.2,43,POINT (119.6892695 30.32641324),粘土心墙坝
213,0.38,0.48,19.2,43,POINT (119.6906652 30.32883552),粘土心墙坝
214,0.39,0.48,19.2,43,POINT (119.7079454 30.32557584),粘土心墙坝
215,0.38,0.48,19.4,45,POINT (119.6526414 30.39313845),粘土心墙坝
216,0.39,0.48,19.4,44,POINT (119.6515829 30.35378711),粘土心墙坝
217,0.38,0.48,19.4,44,POINT (119.6346011 30.35859417),粘土心墙坝
218,0.39,0.49,18.7,41,POINT (119.7984225 30.28369662),粘土心墙坝
219,0.38,0.49,18.7,41,POINT (119.7943026 30.27481315),粘土心墙坝
220,0.39,0.49,18.5,41,POINT (119.803229 30.25867698),粘土心墙坝
221,0.38,0.49,18.7,41,POINT (119.8138291 30.28064963),粘土心墙坝
222,0.39,0.49,18.7,41,POINT (119.7969634 30.28318164),粘土心墙坝
223,0.38,0.48,18,42,POINT (119.7673218 30.11034232),粘土心墙坝
224,0.39,0.48,18,42,POINT (119.7718614 30.10799582),粘土心墙坝
225,0.38,0.48,17.8,42,POINT (119.7683418 30.09536803),粘土心墙坝
226,0.39,0.48,17.8,42,POINT (119.7673317 30.09949549),粘土心墙坝
227,0.38,0.48,18,42,POINT (119.7650143 30.13760432),粘土心墙坝
228,0.39,0.48,17.8,42,POINT (119.755015 30.11000975),粘土心墙坝
229,0.38,0.48,17.8,42,POINT (119.7515818 30.10219916),粘土心墙坝
230,0.39,0.48,18,42,POINT (119.7633008 30.12880597),粘土心墙坝
231,0.38,0.48,17.8,42,POINT (119.7598673 30.09715218),粘土心墙坝
232,0.39,0.48,17.8,42,POINT (119.7599924 30.08996223),粘土心墙坝
233,0.38,0.49,19.2,42.5,POINT (119.7370814 30.32559226),粘土心墙坝
234,0.39,0.49,19.2,42.5,POINT (119.7448472 30.32864718),粘土心墙坝
235,0.38,0.49,19.2,42.5,POINT (119.7489741 30.32409168),粘土心墙坝
236,0.39,0.49,19.2,42.5,POINT (119.7464715 30.32644691),粘土心墙坝
237,0.38,0.49,19.2,43,POINT (119.7606924 30.33603994),粘土心墙坝
238,0.39,0.49,19.2,43,POINT (119.7584848 30.33482267),粘土心墙坝
239,0.38,0.49,19.2,43,POINT (119.7671569 30.33631478),粘土心墙坝
240,0.39,0.49,19.2,43,POINT (119.7553111 30.33922306),粘土心墙坝
241,0.38,0.48,17.8,41,POINT (119.64745 30.17648998),土坝
242,0.39,0.48,17.8,41,POINT (119.6522684 30.17215417),土坝
243,0.38,0.48,18,41,POINT (119.6616239 30.19459155),土坝
244,0.39,0.48,18,41,POINT (119.6582743 30.18473229),土坝
245,0.38,0.48,17.8,41,POINT (119.7179183 30.09090828),粘土心墙坝
246,0.39,0.48,17.8,41,POINT (119.7227924 30.09583439),粘土心墙坝
247,0.38,0.48,17.8,41,POINT (119.7282597 30.09972459),粘土心墙坝
248,0.39,0.47,17.8,41,POINT (119.6014521 30.17748014),土坝
249,0.38,0.47,17.8,41,POINT (119.5814728 30.18379997),土坝
250,0.39,0.47,17.8,41,POINT (119.5940447 30.1784361),土坝
251,0.38,0.47,17.8,41,POINT (119.6058496 30.17228847),土坝
252,0.39,0.47,17.8,41,POINT (119.5938288 30.20161147),土坝
253,0.38,0.47,17.8,41,POINT (119.589887 30.186777),土坝
254,0.39,0.47,17.8,41,POINT (119.5825827 30.19458463),土坝
255,0.38,0.47,17.8,41,POINT (119.5767977 30.19666656),土坝
256,0.39,0.47,17.8,41,POINT (119.5879534 30.20046511),土坝
257,0.38,0.47,17.8,41,POINT (119.5905154 30.19834135),土坝
258,0.39,0.48,19.2,43,POINT (119.7177369 30.33721106),粘土心墙坝
259,0.38,0.47,17.8,41,POINT (119.5909935 30.20883413),土坝
260,0.39,0.47,18,41,POINT (119.6160263 30.2101758),土坝
261,0.38,0.47,18,41,POINT (119.6165498 30.20428621),土坝
262,0.39,0.47,18,41,POINT (119.621558 30.21100301),土坝
263,0.38,0.47,17.8,41,POINT (119.6134876 30.19352628),土坝
264,0.39,0.47,17.8,41,POINT (119.6180452 30.19330151),土坝
265,0.38,0.47,17.8,41,POINT (119.6123897 30.19116756),土坝
266,0.39,0.47,18,41,POINT (119.628719 30.2038705),土坝
267,0.38,0.48,18,41,POINT (119.6328045 30.20126394),土坝
268,0.39,0.49,19.2,43,POINT (119.7464782 30.3390793),粘土心墙坝
269,0.38,0.49,19.2,43,POINT (119.7464782 30.33766309),粘土心墙坝
270,0.39,0.49,19.2,43,POINT (119.7355189 30.33832683),粘土心墙坝
271,0.38,0.49,19.2,43,POINT (119.7389468 30.33520752),粘土心墙坝
272,0.39,0.49,19.2,43,POINT (119.7686692 30.34591701),粘土心墙坝
273,0.38,0.48,18.8,42,POINT (119.7624107 30.14794845),粘土心墙坝
274,0.39,0.49,18.8,43,POINT (119.844022 30.18254748),粘土心墙坝
275,0.38,0.48,18,41,POINT (119.6593858 30.20619174),土坝
276,0.39,0.49,18.5,41,POINT (119.8114469 30.24041139),粘土心墙坝
277,0.38,0.49,18.7,42,POINT (119.7850136 30.30027902),粘土心墙坝
278,0.39,0.49,18.7,42,POINT (119.7871272 30.29939121),粘土心墙坝
279,0.38,0.49,18.7,41,POINT (119.8015956 30.28584479),粘土心墙坝
280,0.39,0.49,18.7,41,POINT (119.8281173 30.29790401),粘土心墙坝
281,0.38,0.49,18.7,41,POINT (119.8236031 30.29764724),粘土心墙坝
282,0.39,0.49,18.7,41,POINT (119.8179175 30.29147124),粘土心墙坝
283,0.38,0.49,18.7,41,POINT (119.8229595 30.30419893),粘土心墙坝
284,0.39,0.49,18.7,41,POINT (119.8093122 30.28824878),粘土心墙坝
285,0.38,0.49,18.7,42,POINT (119.7845936 30.29662843),粘土心墙坝
286,0.39,0.49,19,42,POINT (119.7674773 30.29921658),粘土心墙坝
287,0.37,0.49,18.7,41,POINT (119.813872 30.27262447),粘土心墙坝
288,0.37,0.49,18.7,41,POINT (119.799152 30.27125117),粘土心墙坝
289,0.37,0.49,18.5,41,POINT (119.7799584 30.21476335),粘土心墙坝
290,0.37,0.47,18,41,POINT (119.6260515 30.19419084),粘土心墙坝
291,0.37,0.49,18.5,41,POINT (119.767461 30.19296491),粘土心墙坝
292,0.37,,,,,
293,0.37,,,,,
294,0.37,,,,,
295,0.37,,,,,
296,0.37,,,,,
297,0.38,,,,,
298,0.39,,,,,
299,0.37,,,,,
300,0.38,,,,,
301,0.39,,,,,
302,0.38,,,,,
303,0.39,,,,,
304,0.38,,,,,
305,0.39,,,,,
306,0.38,,,,,
307,0.39,,,,,
308,0.38,,,,,
309,0.39,,,,,
310,0.38,,,,,
311,0.39,,,,,
312,0.38,,,,,
313,0.39,,,,,
314,0.38,,,,,
315,0.39,,,,,
316,0.38,,,,,
317,0.39,,,,,
318,0.38,,,,,
319,0.39,,,,,
320,0.38,,,,,
321,0.39,,,,,
322,0.38,,,,,
323,0.39,,,,,
324,0.38,,,,,
325,0.39,,,,,
326,0.38,,,,,
327,0.39,,,,,
328,0.38,,,,,
329,0.39,,,,,
330,0.38,,,,,
331,0.39,,,,,

