30,0.39,0.48,18.8,42,POINT (119.770393 30.1374771),粘土心墙坝
31,0.38,0.48,18.8,42,POINT (119.7735258 30.14545936),粘土心墙坝
33,0.38,0.49,18.8,42,POINT (119.7948118 30.15567321),粘土心墙坝
34,0.39,0.49,18.8,42,POINT (119.7812505 30.15880603),粘土心墙坝
35,0.38,0.49,18.8,42,POINT (119.7909862 30.14047881),粘土心墙坝
36,0.39,0.49,18.8,42,POINT (119.7912927 30.14202613),粘土心墙坝
37,0.38,0.49,18.8,42,POINT (119.79557 30.14919146),粘土心墙坝
38,0.39,0.49,18.8,42.5,POINT (119.816999 30.14060992),粘土心墙坝
41,0.38,0.49,18.8,42,POINT (119.7810909 30.17429941),粘土心墙坝
42,0.39,0.48,18.8,41,POINT (119.7497822 30.1816499),粘土心墙坝
43,0.38,0.48,18.8,41,POINT (119.7372975 30.16551861),粘土心墙坝
44,0.39,0.48,18.8,42,POINT (119.767861 30.16369838),粘土心墙坝
45,0.38,0.49,18.8,42,POINT (119.7738977 30.16562803),粘土心墙坝
47,0.38,0.49,18.8,42,POINT (119.8228444 30.19974649),粘土心墙坝
129,0.38,0.48,18,42,POINT (119.7745523 30.12022043),粘土心墙坝
130,0.39,0.48,18,42,POINT (119.7814973 30.1166901),粘土心墙坝
131,0.38,0.48,18,42,POINT (119.774799 30.10842188),粘土心墙坝
163,0.38,0.49,18.5,41,POINT (119.7634237 30.20803344),粘土心墙坝
164,0.39,0.49,18.5,41,POINT (119.7636929 30.21839633),粘土心墙坝
168,0.39,0.49,18.8,42,POINT (119.7971149 30.17356737),粘土心墙坝
169,0.38,0.49,18.8,42,POINT (119.7972008 30.15901907),粘土心墙坝
170,0.39,0.49,18.8,42,POINT (119.7932418 30.17863138),粘土心墙坝
179,0.38,0.49,18.8,42,POINT (119.8043832 30.13083966),粘土心墙坝
182,0.39,0.49,18.8,41,POINT (119.7835108 30.13352736),粘土心墙坝
230,0.39,0.48,18,42,POINT (119.7633008 30.12880597),粘土心墙坝
274,0.39,0.49,18.8,43,POINT (119.844022 30.18254748),粘土心墙坝
291,0.37,0.49,18.5,41,POINT (119.767461 30.19296491),粘土心墙坝
